12 65520
120 558781423200
180 2601256998740400
360 15571124394460034400
840 8644416283014847832296800
2520 48665323350093056511370687590824766511200
5040 15321986788854443284662612735663611380010431225771200
55440 49209940852053801325523136402284114402383473728037850627006920498361008676325573082812024339531725856260800
720720 2599265289938045790285087430718636500803510968991503583932015415681339876886274198699629634541272594255929473856752109528189646768583309952911477951292254958722748988899531120282182905307875781283119196897221941548215066799861837732382400
1441440 16692723702488950489847456910018597712454939830132894293140798900108375748907930211319053665980497030192706220004883258513187223134363397473969227946729620005698343424719919948472156927479323890058678221530254031313212780694513295101470673598037070992080529339175032310267492206465185037818371176201600
24504480 479564169696066414755033983847008108249019934623760479427387576682949541168133572094247580268248298468482216575244460363161127952582820955021991144664838897692027392036487692086933997826464064441137463671988286026878079816600182435749503683557592750139375753058274840579155457992453790342951352086800757689399006954729023803189274252675392681929210227204645687782567794893137332735191401338991434988696622567131459531045036743015859323403777492997225380354919069864744497594635622090475745117844029356684232404967159510093790807113555461955493895282300072518392129614201401652510674329624410738480339782811425412768003489693282506199490820110117318485993600
